cam 0 0 150 -50 -50 50 50 -50 50 -50 50 50 50 50 50
ltp 200 200 200 0.4 0.4 0
ltd 0 0 -1 0.4 0.4 0.4
mat 0.5 0.5 0 0.5 0.5 0 0.5 0.5 0 1000 0.7 0.7 0.7
tri 0 40 0 -40 -40 0 40 -40 0
mat 0.4 0 0 0.4 0 0 0.4 0 0 50 0.6 0.6 0.6
sph -10 1 5 5.4
mat 0.4 0 0 0.4 0 0 0.4 0 0 50 0.6 0.6 0.6
sph -2 18 5 5.4
mat 0.4 0 0 0.4 0 0 0.4 0 0 50 0.6 0.6 0.6
sph 12 -5 5 5.4
mat 0.4 0 0 0.4 0 0 0.4 0 0 50 0.6 0.6 0.6
sph 0 -15 5 5.4
mat 0.4 0 0 0.4 0 0 0.4 0 0 50 0.6 0.6 0.6
sph -18 -13 5 5.4
mat 0.4 0 0 0.4 0 0 0.4 0 0 50 0.6 0.6 0.6
sph 18 -20 5 5.4
