cam 0 0 100 -50 -50 0 50 -50 0 -50 50 0 50 50 0
lta 0.3 0.3 0.3
ltd 1 1 -1 0.0 0.0 1.0
ltd -1 -1 -1 1.0 1.0 0.0
ltp 0 0 200 0.4 0.4 0.4
ltp 0 100 -50 0.3 0.3 0.3
mat 0.1 0 0 1.0 0 0 0.8 0.8 0.8 10 0.5 0.5 0.5
sph -50 0 -100 15
mat 0 0.1 0.1 0.7 0.7 0.7 0.4 0.4 0.8 10 .5 .5 .5
sph 50 0 -100 15
mat 0.1 0 0 1.0 1.0 0 0.8 0.8 0.8 10 0.5 0.5 0.5
sph -25 50 -130 15
mat 0 0.1 0.1 0.0 0.0 1.0 0.4 0.4 0.8 10 .5 .5 .5
sph 25 50 -130 15
mat 0.1 0 0 0 1.0 0 0.8 0.8 0.8 10 0.5 0.5 0.5
sph -25 -50 -65 15
mat 0 0.1 0.1 0.0 0.7 0.7 0.4 0.4 0.8 10 .5 .5 .5
sph 25 -50 -65 15